Cosmological_Sim : 1 # int32 
ScaleFactor : 1.000000 # float64 
h_val : 0.703000 # float64 
Omega_m : 0.276000 # float64 
Omega_Lambda : 0.724000 # float64 
Omega_cdm : 0.230500 # float64 
Omega_b : 0.045500 # float64 
w_of_DE : -1.000000 # float64 
Period : 142.247511 # float64 
Hubble_unit : 100.000000 # float64 
Length_unit : 1.000000 # float64 
Velocity_unit : 1.000000 # float64 
Mass_unit : 1.000000 # float64 
Gravity : 43.021135 # float64 
